VSEH 216
Community 1 (273 vulns, 58827 packages) - NETWORKING
pyasn1: 0.011228496007656566
six: 0.009442416766807182
typing-extensions: 0.007984063098684005
pyOpenSSL: 0.007711295553009206
ndg-httpsclient: 0.007543524871451679
colorama: 0.0063747557177363965
tomli: 0.005714331065799837
importlib-metadata: 0.0050270478988699826
certifi: 0.004893157797166107
packaging: 0.00394841961286137

Community 14 (69 vulns, 35476 packages) - TESTING/DEVELOPMENT
pytest: 0.016805731109872622
sphinx: 0.005729432806083438
pytest-cov: 0.00482518625079562
coverage: 0.0037095560179531356
mypy: 0.003159028076076565
flake8: 0.002644287122284544
mock: 0.0019978356220443872
wheel: 0.0019196955969126505
hypothesis: 0.0018606527291937286
pre-commit: 0.0018464589265121912

Community 6 (90 vulns, 22253 packages) - DATA MANIPULATION
PyOpenSSL: 0.0032147959579680477
flask: 0.0011296543164280718
sqlalchemy: 0.0010889338959272537
redis: 0.0010296085969581268
PyQt5: 0.0007977630860295616
pymongo: 0.0007571499579107681
pycryptodome: 0.0007556597657637227
psycopg2: 0.0006706751841537831
pymysql: 0.0004997591912048625
google-auth: 0.0004433640180177361

Community 23 (69 vulns, 13206 packages) - DJANGO
Django: 0.0029818780837371616
django: 0.002671329302124279
markdown: 0.0006151885735850087
djangorestframework: 0.0006048069536652153
celery: 0.00021614659241959666
polib: 0.00016230321826537315
wagtail: 0.00015737505695948012
django-cms: 0.00010568526980788712
phonenumbers: 0.00010066286809038322
django-appconf: 8.3222717873525e-05

Community 0 (63 vulns, 47490 packages) - SCRAPING
requests: 0.026572142456319597
lxml: 0.004969422680706632
beautifulsoup4: 0.0040871421677379696
html5lib: 0.0023863312374450326
validators: 0.0012225813446016896
argparse: 0.0009861993774335819
cssselect: 0.0009390852375078054
BeautifulSoup4: 0.0009135612410980867
lxml-html-clean: 0.0008514338480025102
selenium: 0.0008388008942379453