VSEH 1600
Community 27 (582 vulns, 284746 packages) - NETWORK UTILITY
lodash: 0.009478674361977427
debug: 0.004474126933998857
express: 0.003211744486704899
moment: 0.002621941164130849
uuid: 0.002399582935072687
async: 0.0018424415194576074
underscore: 0.0017521312145207665
bluebird: 0.001394125279171331
ws: 0.0011326277655388137
dotenv: 0.0009941542818216083

Community 28 (392 vulns, 264426 packages) - COMMAND LINE
chalk: 0.005451824410497092
commander: 0.004156889161760707
request: 0.0034430199327462113
node-fetch: 0.00264317778533089
glob: 0.0025935095387847355
form-data: 0.0024394781609507863
fs-extra: 0.0021635224708536826
semver: 0.0021605144787594194
inquirer: 0.0020157146134925437
yargs: 0.0017270987787175438

Community 9 (213 vulns, 78199 packages) - GENERAL UTILITY
loose-envify: 0.007444269035540082
js-tokens: 0.0063892727074587085
regenerator-runtime: 0.004934341894161318
ms: 0.004257171142095479
lru-cache: 0.0023475889375390202
follow-redirects: 0.0018942386908214872
proxy-from-env: 0.0018028609342034402
readable-stream: 0.001691355696848208
safe-buffer: 0.0015299591658449665
fetch-blob: 0.0013959224397918173

Community 8 (123 vulns, 195990 packages) - REACT ECOSYSTEM
react: 0.00445947167996295
@babel/runtime: 0.00443429664407011
prop-types: 0.00381618687534305
@types/node: 0.003083914863671014
react-dom: 0.0023256697189247286
classnames: 0.0019954717546581155
typescript: 0.001817957316719774
react-is: 0.0017959929822235834
@types/react: 0.0009833922012663936
csstype: 0.0009603767382410061

Community 1 (97 vulns, 144181 packages) - VUE ECOSYSTEM
axios: 0.006303507918385596
vue: 0.005674735529033094
core-js: 0.0037774126177628387
@vue/shared: 0.002913960017705377
qs: 0.0010739085025018122
@vue/devtools-api: 0.0010017253161807452
@vue/runtime-dom: 0.0009668990225148523
vue-router: 0.0007524259191820904
dayjs: 0.0007002288516177734
lodash-es: 0.0006185522172640808