VSEH: 100
Community 10 (84 vulns, 11975 packages) - CRYPTOGRAHY
rand: 0.018454274066654248
criterion: 0.008670272184898901
quickcheck: 0.00523768802260786
rand_core: 0.004018729524239311
serde_test: 0.0028425611307995877
rand_xorshift: 0.0021916202332807394
rand_chacha: 0.0019490535885253115
rand_pcg: 0.0018759348288790146
byteorder: 0.0018112403606180196
arbitrary: 0.0014699734799862782

Community 13 (82 vulns, 24868 packages) - LOGGING/TERMINAL MANIPULATION
log: 0.00973568077365096
rayon: 0.008421826099111265
windows-sys: 0.007162943160792853
tempfile: 0.006282662141207144
anyhow: 0.006018726854329775
flate2: 0.005538267421754979
clap: 0.00529520929203164
tar: 0.005141540771393444
winapi-util: 0.004798892247665037
regex: 0.004788978743259017

Community 16 (80 vulns, 22882 packages) - SERILIZATION, ASYNC
serde_derive: 0.044965848927527835
serde: 0.04172836458521447
serde_json: 0.01593943847933748
tokio: 0.005405050475049674
futures: 0.004319255790474095
chrono: 0.003547977791213365
reqwest: 0.002918174373858833
bytes: 0.001931029481134827
itoa: 0.0018242352389061993
futures-core: 0.001633388831967043

Community 4 (40 vulns, 8629 packages) - CROSSPLATFORM
rustc-std-workspace-core: 0.01452428667575546
libc: 0.01108566807326056
windows-targets: 0.00672446750580801
cc: 0.004706857550075233
compiler_builtins: 0.0034227435950975843
bitflags: 0.0020726332526608982
backtrace: 0.0018329696291211775
bindgen: 0.001576419122401704
winapi: 0.0014926716317221007
jobserver: 0.0010113938363096131

Community 0 (40 vulns, 10044 packages) - WASM (web)
cfg-if: 0.00440266646420638
wasm-bindgen: 0.004298564167060679
wasm-bindgen-test: 0.003442558699561072
js-sys: 0.002657015244027396
getrandom: 0.002006983504524668
wasm-bindgen-futures: 0.0019882893792529735
web-sys: 0.0016962670226975912
wasm_sync: 0.0016098138514444432
loom: 0.0013058872939891676
parking_lot_core: 0.001213329101134323